scan 0:43,46,36
balk 1:151,62,58,42,80,28,47,33,60,40,10,14
balt 2:110,153,78
carrib 3:188,178,173,31,100,51,190,103,183,133,92,105,86,6,166,139,192,181,184,158,64
maghreb 4:34,32,71,122,147
gulf states 5:41,54,138,94,155,104,131
middleast 6:155,90,15,8,54,56,102,138,123,131,129,94,41,101,10,104,97
caucasus 7:50,59,70
indochina 8:77,118,48,84,13,35
central asia 9:53,124,106,125,83
sub sah 10:108,79,147,82,37,140,67,128,121,146,156,113,116,89,52,98,136
latin: 11:19,87,4,38,31,100,51,103,66,165,133,92,105,6,166,139,117,49,85,64