9:24,20,65,43,11,141,26,22,25
3:23,6
50:59,70,5,10
19:87,4,38,117,85
1:55,167,2,53,95,124,118,72,84,68,5,106,35,73
130:93,135,128,150,120,134,96,88,112
24:65,9,39,14,132,63,60,25
11:189,20,9,14,141,107,18,25
5:70,81,1,110,44,50,53,95,153,78,72,46,22,21
47:58,42,33,39,80,151,40
96:135,130,76,126,109,120,88,112
10:59,70,42,50,28,8,54,101
112:93,148,130,126,109,145,96,137
32:122,79,147,34,98,71
39:24,33,40,47,63,60,21
2:119,167,1,84,68,73,75
8:55,59,70,54,73,10,125
79:32,121,89,115,147,98,67
4:19,87,31,164,117,49,169,85,64
98:32,113,121,108,122,79,37
22:81,65,9,78,5,63,21
41:54,102,138,131,94,104,97
127:128,108,15,142,99,122,134
21:81,39,144,22,40,5,63
55:1,8,73,106,125,83
121:113,89,52,79,98,116
82:128,108,150,156,149,37
128:82,108,130,150,134,127
108:82,128,122,98,37,127
99:160,142,76,69,134,127
115:89,154,136,79,67,140
54:8,102,138,41,101,10
14:24,11,143,60,25,177
122:32,108,15,98,127,71
109:161,126,16,96,112,137
16:148,161,152,109,145,137
134:128,130,99,76,127,88
70:59,50,8,5,10
81:153,78,22,5,21
87:19,4,38,117,49
42:28,151,40,47,10
31:4,66,139,49,64
150:93,82,128,130,149
89:121,52,115,136,79
33:58,39,80,47,60
56:15,129,102,123,101
102:54,56,41,101,129
53:1,124,5,125,83
76:99,69,134,96,88
118:77,1,84,13,35
80:62,58,33,47
84:119,1,2,118,13
151:62,42,28,47
49:87,4,38,31,66
40:42,39,144,47,21
67:146,115,154,79,147
63:24,65,39,22,21
18:189,11,29,34
25:24,11,14,132,9
101:54,56,102,123,10
88:130,76,120,134,96
83:55,53,124,106,125
62:28,151,80
93:130,150,145,112
59:70,50,8,10
20:11,9,141,26
113:121,98,37,116
148:145,16,112,137
65:24,9,22,63
15:129,56,122,127
28:62,42,10,151
133:173,165,105,6
124:1,53,106,83
153:81,110,78,5
78:81,153,22,5
147:32,79,67
145:93,148,16,112
37:113,82,108,98
73:55,2,8,1
120:135,130,96,88
60:24,33,14,39
106:55,1,124,83
13:77,118,48,84
125:55,8,53,83
137:148,109,16,112
58:33,80,47
135:130,120,96
77:118,13,35
38:19,87,49
160:142,99
142:160,99,127
44:46,36,5
149:82,150,156
52:121,89,116
164:4,169,64
105:133,165,166
27:157,48,114
95:1,17,5
136:115,89,140
141:20,11,9
126:109,96,112
48:172,27,13
6:173,133,3
34:32,18
26:20,9
46:44,36,5
131:41,104,97
129:15,56,102
117:19,87,4
69:160,99,76
169:4,164
116:113,121,52
64:4,31,164
35:77,1,118
189:11,18
119:2,84
173:133,6
167:1,2
100:166,139
66:31,49
165:133,105
156:82,149
110:153,5
161:109,16
115:67
154:115,67
138:54,41
123:56,101
132:24,25
144:40,21
72:1,5
68:1,2
26:20,9
166:100,105
139:31,100
140:115,136
36:44,46
71:32,122
104:131,41
85:19,4
97:131,41
172:48
23:3
43:9
103:92
157:27
146:67
92:103
45:12
17:95
152:16
107:11
114:27
29:18
94:41
143:14
12:45
177:14