9:59,70,81,110,50,53,124,153,78,144,5,106,125,21,83
10:55,119,2,73
0:188,30,174,155,119,178,173,167,148,172,82,23,90,190,15,161,163,146,52,183,164,2,54,45,56,102,86,76,182,138,152,122,126,48,175,171,159,84,145,194,61,37,131,73,114,94,192,181,184,180,187,140,111,168,69,16,134,75,127,96,186,158,195,88,104,12,176,97,112,137
1:55,59,70,81,1,50,2,8,54,53,124,118,144,72,84,95,73,22,40,5,17,101,106,10,125,21,83,35
2:62,32,189,59,24,70,20,58,42,33,90,15,11,50,9,28,39,8,54,56,14,102,138,123,122,132,141,171,107,80,34,26,151,29,40,5,143,41,47,63,60,18,25,101,71,10,21,12,177
3:62,32,58,42,33,90,15,142,50,28,39,54,56,102,138,123,122,144,80,151,40,5,41,47,63,127,101,71,10,21
4:93,4,170,1,157,115,2,126,109,29,179,85
5:38,19,87,49,66,31
6:6,133,173,105,165
7:24,39,65,63,40,22,21,47,60,33,58,80,14
8:55,59,70,42,90,15,50,28,2,8,54,56,102,53,138,124,123,122,151,131,73,40,5,41,101,106,10,125,104,21,83