โครงสร้างกระดูกที่สร้างศีรษะคืออะไร?:0,1,9,7
สิ่งที่เรียกว่ากระดูกไหล่?:1,9,11,6
กระดูกกึ่งแข็งและโครงสร้างกระดูกอ่อนที่ล้อมรอบช่องทรวงอกคืออะไร?:2,7,8,11
ลักษณะเฉพาะของสัตว์มีกระดูกสันหลังคืออะไร?:3,0,11,2
กระดูกทั้งสองข้างที่ขาใต้เข่ามีขนาดใหญ่แค่ไหน?:4,6,9,5
กระดูกที่ยาวและแข็งแรงที่สุดในร่างกายของคุณคืออะไร?:5,6,9,1
กระดูกยาวที่แขนที่ลากจากไหล่ถึงข้อศอกคืออะไร?:6,5,1,7
กระดูกห้าชิ้นของมือระหว่าง phalanges และข้อมือคืออะไร?:7,5,1,3
กระดูกอะไรประกอบเป็นข้อมือ?:8,7,9,10
กระดูกที่ประกบกันเจ็ดก้อนในแต่ละเท้าคืออะไร?:9,7,8,1
กระดูกยาวห้าชิ้นที่เท้าคืออะไร?:10,8,7,4
ส่วนล่างของลำตัวคืออะไร?:11,6,3,2