สหภาพโซเวียต:50,51,40,29,49,63,67,30,31,41,33,66,68,32,65
จักรวรรดิโมกุล:64,73,69,70
จักรวรรดิอังกฤษ:181,91,167,86,62,73,179,166,74,157,85,115,161,43,177,106,159,95,137,112,176,193,69,47,10,48,53,168,149,99,61,158,110,132,79,75,44,143,82,156,104,92,111,60,70,93,58,182,175,180,98,144,136,81,96,148,155,152,72,151,119,101,178,105,116,57,2,97,59,127,135
จักรวรรดิมองโกล:64,50,51,40,86,49,69,45,47,63,67,83,41,90,82,89,70,22,34,33,88,52,66,46,68,32,65,78
จักรวรรดิโรมัน:38,107,14,50,6,51,5,37,35,24,43,106,1,49,0,23,25,45,47,48,4,53,61,54,110,13,12,44,11,39,108,9,42,7,34,33,15,56,36,27,26,3,8,52,109,46,32,2,16
จักรวรรดิออตโตมัน:38,107,37,35,24,43,106,153,49,23,25,47,48,53,61,54,110,41,39,42,34,33,56,36,27,151,52,109,46,32
จักรวรรดิโปรตุเกส:118,183,146,86,94,129,69,132,126,7,147,190
อาณาจักรอินคา:186,184,191,187,189,185
อาณาจักรมายา:162,164,166,174,172
จักรวรรดิออสเตรีย-ฮังการี:6,25,28,27,34,22,32,36,26,24,37,39,4
จักรวรรดิเปอร์เซีย:64,50,51,35,43,106,49,23,69,45,47,48,53,63,61,67,54,110,42,60,70,34,33,56,52,66,46,68,57,32,65