86
69
160
183
33
162
87
45
0
46
1
2
76
4
106
155
88
3
184
5
32
22
161
6
8
9
77
23
7
91
185
107
24
108
78
17
111
186
25
34
56
35
18
19
10
20
36
79
187
49
163
112
63
47
64
48
21
37
50
26
92
38
27
188
28
189
113
71
148
51
109
90
70
80
72
149
84
31
114
39
40
115
65
82
190
168
191
116
117
43
124
169
118
58
89
119
59
120
150
165
52
53
170
57
174
66
11
125
126
29
81
127
128
93
129
130
192
83
73
131
123
110
54
67
68
132
151
121
122
60
13
164
152
133
134
135
61
171
136
12
153
15
41
156
138
157
139
140
42
158
30
141
62
94
143
154
193
172
44
166
179
144
14